100
831513206 561763530
2055990982 1534806263
1885776922 100262744
14824329 1011752546
766620885 1185108496
860844854 615510153
666552367 489807686
923305753 2029188916
498924616 243305813
1470233822 1440346333
864790927 862496107
443326561 762924948
1627504909 149198641
1263955530 1162312092
342533659 46997848
608761379 1203650072
590972687 1174046865
1274309609 517268713
1529021259 329265961
1514374457 1289133939
1904644092 148158497
637966183 227735664
109440932 423712811
667018625 1561271936
854134621 608365548
1470861655 2137252447
752693747 1718925549
1868124190 1914188216
929016660 232715008
279712857 984596073
40762497 1271550319
298113536 888474236
1405742949 631735184
961001145 1572423146
714073437 787280560
935439057 327891955
555627619 471233881
894946693 1573405240
987193529 665068551
1273434100 1561965318
1551734117 1841328150
1412770051 596812107
363516676 156944216
389659225 1133410594
2118006667 1292533336
416600008 669372082
1557846318 11285516
643020700 714713544
139653042 816105619
1603386179 1604021845
1931913800 853726479
1324960361 391341589
1964746829 340057771
1005126323 72423406
1634388724 804456710
498301213 131076775
727888882 1038639193
1195583409 1911071264
896998210 1091405558
236455247 1585242634
107131068 867521229
878806745 653055255
1367768799 1664977386
333599357 1521827445
978365643 1507421842
213664673 1936985537
180843478 762795795
1102853567 1538625034
1611048440 2145590307
802563370 2107979890
91573017 1097953516
2136592709 1300864583
1064452199 819461899
1910867458 1184692471
622451457 1961450410
681487991 2147322705
652894312 729582526
247076264 1560294737
934638534 2020663111
1380601305 580675622
370177511 1913004177
528316325 1594265979
985407365 551020989
549127648 1631169892
1591666134 448972158
1546925674 1351691018
505071953 1683239151
355217402 1536034736
573243559 1569524153
1383490915 118601212
118440269 1195695016
1925277542 2064978906
1477789995 771334581
644514045 24870159
605545781 264944882
30465411 2025115350
1471897681 975723292
1526744281 558781736
42467980 309821399
758793557 2075871929
100
1634134114 1280079300
158235583 1169889617
1785151253 1694270319
1525107020 1207191758
120030230 1643708232
443199025 1315725247
1762148502 360694284
1093519141 385999435
1838484279 1118389300
1030513480 2103429161
1723935081 908145183
2133894573 552174725
232559216 545192661
2078919006 542380615
587660642 2007307288
1301174172 74311108
1139902940 1459409756
1244200726 777570545
1006196427 621824098
1984762304 1126226658
118048682 280477681
294468257 1880197184
641171965 1387987398
118712972 332172597
358893051 1149226452
288118110 2082828132
2057371635 274529035
487519210 142447204
819721697 418954568
684827819 1407382339
278778208 1986001992
1481693447 1418681148
1297928100 578410525
48768046 156640879
1200234623 2033530350
1282867537 1318283306
166524383 1577335794
1050996842 807696349
817839545 1169709814
1139868946 1176732596
171452619 1427987056
1112077080 81340606
1702516092 1599596290
223787810 374754141
2018550859 908615630
1782136480 149845419
747133974 1116346279
1568526568 2045062074
1694756805 1617294614
54219305 747507780
1503341316 1337086843
2065791086 1669865699
766938989 969304281
330078400 1584778534
2139014095 1469947346
614027482 162983066
750450755 1726104563
244323673 305483199
1178217205 468111483
680237340 1049284416
1376727113 314890172
1199129836 2123861087
1431236451 620172756
2021439513 978509608
89983722 2075658819
1726017389 1593325038
1265262014 1644324827
1115707089 2032201003
466145460 1445785490
1469495890 457675908
768249188 2083523372
620658974 1518699943
1662144287 864982647
1824183142 692877845
1333094131 356936834
1742162261 562337596
671827006 793808449
538715036 2103063458
1413981205 412670901
934089418 1503964927
340846072 512623159
949806317 1606108086
9464339 2065513407
1490825442 475609799
1363815249 812837684
933285707 2132064437
748877408 1553944682
1503280733 263538048
271443681 1179980227
956415893 1604537812
1536917062 551094506
19391761 61260420
1344902956 558106797
16840230 611400513
970777698 950929649
2115365441 1311623771
1463552808 917688110
770248209 1473017147
835717869 113590003
1948626947 52049470
